0 0.14765625 0.415625 0.2953125 0.734375
0 0.40390625 0.41796875 0.4671875 0.6453125
0 0.71953125 0.43828125 0.21875 0.4578125
0 0.81875 0.47890625 0.1796875 0.3015625
0 0.91015625 0.38671875 0.175 0.259375
0 0.94453125 0.40625 0.1109375 0.2125
0 0.996875 0.5359375 0.00625 0.0875
0 0.7203125 0.61484375 0.0390625 0.04375
0 0.678125 0.615625 0.0328125 0.0421875
0 0.84921875 0.59296875 0.034375 0.0421875
0 0.94296875 0.575 0.034375 0.0359375
0 0.6875 0.6421875 0.0265625 0.0296875
0 0.6328125 0.64375 0.0265625 0.034375
0 0.3515625 0.69765625 0.0390625 0.046875