0 0.1453125 0.6609375 0.290625 0.67734375
0 0.440625 0.59921875 0.3453125 0.55
0 0.72734375 0.52890625 0.134375 0.409375
0 0.81171875 0.47578125 0.1234375 0.26328125
0 0.91015625 0.5453125 0.12578125 0.22265625
0 0.9515625 0.521875 0.09609375 0.18671875
0 0.98515625 0.39296875 0.0296875 0.0796875
0 0.6984375 0.36640625 0.03046875 0.0359375
0 0.66015625 0.3734375 0.025 0.034375
0 0.82109375 0.36640625 0.02578125 0.034375
0 0.91015625 0.3671875 0.02734375 0.02890625
0 0.66484375 0.346875 0.0203125 0.02421875
0 0.6140625 0.3546875 0.01953125 0.02890625
0 0.346875 0.35078125 0.03046875 0.0390625