0 0.83046875 0.31015625 0.3390625 0.6203125
0 0.5734375 0.359375 0.4765625 0.65
0 0.28671875 0.49140625 0.225 0.4578125
0 0.2078125 0.56484375 0.184375 0.303125
0 0.08984375 0.5109375 0.178125 0.2609375
0 0.0609375 0.54453125 0.121875 0.2171875
0 0.04296875 0.68828125 0.046875 0.090625
0 0.34921875 0.65703125 0.0390625 0.0453125
0 0.38828125 0.6421875 0.0328125 0.0421875
0 0.2203125 0.6828125 0.034375 0.0421875
0 0.12734375 0.69921875 0.034375 0.0359375
0 0.3890625 0.67109375 0.0265625 0.0296875
0 0.44140625 0.65234375 0.0265625 0.034375
0 0.7234375 0.6015625 0.040625 0.0484375